structure(list(params = structure(list(n_iters = 300, n_max_iters = 10, 
    optimize_hyperparameters = TRUE, n_hyper_iters = 20, n_burn_in = 50, 
    symmetric_alpha = FALSE, threads = 4L, seed = 1066, initial_alpha_sum = 5, 
    initial_beta = 0.01, final_ll = -15784430.9888353), .Names = c("n_iters", 
"n_max_iters", "optimize_hyperparameters", "n_hyper_iters", "n_burn_in", 
"symmetric_alpha", "threads", "seed", "initial_alpha_sum", "initial_beta", 
"final_ll")), hyper = structure(list(alpha = c(0.0491015624050167, 
0.0456356911072311, 0.0595540161766887, 0.627553703160691, 0.0246376502110207, 
0.0246082456417001, 0.0530912765841348, 0.0310934813277789, 0.0380727993800362, 
0.0852444111737301, 0.0216987289221846, 0.506731930123201, 0.0155883200663523, 
0.436226586535274, 0.0649367601308187, 0.112309665954782, 0.0526534099274918, 
0.0167292052880766, 0.0570058376683945, 0.033635389985742, 0.0236392072226698, 
0.130443754711045, 0.0445076845889464, 0.0639196564646836, 0.0382390262414244, 
0.0318528887852049, 0.0481241758477634, 0.256400970667638, 0.014304155808351, 
0.0891762406772464, 0.0356487627051323, 0.34993092657561, 0.210755838037397, 
0.0302539941238085, 0.020460448244691, 0.0739736730190305, 0.0362479999033434, 
0.0575280858351769, 0.0551002446633972, 0.174679743276428), beta = 0.0353256917663103), .Names = c("alpha", 
"beta"))), .Names = c("params", "hyper"))
